FLAGS
largeMapDisplay=true
IMAGE
map-istanbul.png
1000
720
VERTICES
1260180185;309;96
1055372013;406;588
1055372015;384;589
1055372016;369;589
1055372017;361;587
1325246153;703;488
269723072;219;381
990004096;45;365
1325246158;710;484
3082166480;485;321
3082166486;477;305
3082166485;479;376
1260180181;326;50
990016796;121;331
990016798;132;332
3079788571;583;448
3079788576;651;540
3079788577;611;375
3178922384;202;381
2371804524;134;221
3075153127;580;543
3075153126;540;505
3075153125;541;521
3075153122;562;544
3075153121;551;523
990004095;56;367
3082166488;480;386
3075153129;539;504
3075153128;569;550
3178899571;547;619
3178899572;623;615
4286601053;160;393
2366981653;22;299
2370650495;214;556
3082166481;516;391
3082166487;482;377
3361052780;208;120
2370354488;664;455
1018171031;332;549
2370354484;657;464
3081281722;400;545
3081281723;398;546
3081281720;401;547
3081281721;400;545
3081281726;407;544
3081281727;419;551
3081281724;389;481
3081281725;371;498
3081281728;441;546
3081281729;399;544
1936898033;303;229
1936898032;313;214
4286601059;156;378
256097741;335;344
256097740;331;342
256097742;340;344
311375304;353;84
256098105;183;218
3184421678;336;6
1260180401;353;117
1260180404;290;106
1059240057;30;345
1260180409;288;109
1059240052;20;327
1059240050;18;337
1059527985;594;134
4163851949;155;397
1059852942;43;292
1059852945;77;315
3086114288;261;131
3281285907;588;534
3086114281;188;220
256098787;180;324
3086114285;187;213
3086114286;293;175
311371889;354;196
311371885;325;220
311371884;322;218
311371887;342;209
311371886;331;220
311371880;306;211
311371883;310;212
1059526297;98;148
2379738174;479;109
1059526290;126;174
1059851946;103;170
1061625001;147;108
1645728181;379;66
2370327451;760;493
2370327450;758;542
2370327458;759;475
275599852;478;486
3076865674;608;425
275599856;476;506
1059853045;71;248
1059853041;73;248
3076865661;639;491
3076865663;695;484
1061623386;159;51
1061623382;173;59
2707441697;577;47
275604973;399;497
1061623650;224;100
3081510949;437;439
3081510948;413;417
278004940;780;506
3086092968;349;29
1061623737;167;75
1055371867;888;351
1055371862;889;336
1059527400;545;120
2904127938;223;478
3180545179;704;556
277139033;413;387
2370607055;177;305
2370607052;179;307
256098828;200;344
2378719416;264;73
269722117;382;436
2370636480;202;491
2195396106;279;450
2370636482;217;486
3079803573;651;579
1057437585;41;376
1057437588;48;376
2370357935;487;371
3370554233;474;282
1061753883;277;21
1061753880;274;20
275595498;598;453
3081510954;427;448
3081510959;387;408
3802215480;322;331
3081558929;176;230
3081558928;232;346
3081558923;283;424
3081558922;211;292
3081558921;222;263
3081558920;183;226
3081558927;227;257
3081558925;312;433
3081558924;307;434
3361048530;196;115
3076893486;739;518
30215236;434;206
30215237;443;205
30215235;426;207
278005045;502;372
30215230;384;204
30215231;371;203
30215238;458;202
30215239;430;157
3273917387;350;508
1058892516;80;383
35889017;828;150
1058892510;66;385
35889018;825;145
3273917389;484;563
1058892518;79;409
1325246137;774;487
1325246136;716;488
2371804424;245;519
311371940;295;149
311371941;300;146
311371943;306;142
311371945;313;141
311371947;340;136
311371949;352;134
3273273526;292;528
3273273527;300;550
3273273528;179;519
1059526629;77;131
2370517684;287;126
278366595;373;489
278366597;370;498
278366590;386;408
3457689667;648;187
2379692876;484;170
251298866;141;386
2379706608;650;587
2371804429;160;447
3360563069;264;399
3086151868;153;360
2370354487;647;455
3086151866;151;371
3086151867;158;371
3086151864;158;350
3086151865;146;375
1055372921;155;446
1055372923;158;503
1055372926;160;566
31678639;720;451
2025038034;700;351
3081572462;352;444
3081572463;354;433
3081572466;360;479
3044788472;703;617
3081281704;398;544
3081281705;400;545
3081281706;452;530
3081281700;399;546
3081281701;400;544
3081281702;436;538
3081281703;421;547
3044788470;684;618
3081281708;384;535
3081281709;380;502
3086092976;325;4
1059852387;112;251
256099527;241;333
311375322;355;85
311375324;354;105
275604700;404;482
311375328;350;133
275608254;489;550
275608255;475;535
275608251;492;550
275608252;491;551
3184433354;350;9
3184433355;347;13
3184433356;347;14
3184433357;344;20
3184433350;347;14
3184433351;352;3
3184433352;350;6
3184433353;350;8
3184433358;343;21
3184433359;339;29
3364838389;177;1
1260180424;287;122
1938019412;245;537
1260180427;302;145
1059240076;39;316
2370590079;262;202
256098341;218;278
256098343;225;315
2370590071;229;255
275588161;616;501
3243465420;697;488
3235202098;179;211
3235202099;172;209
3235202096;184;215
3235202097;181;213
3424697026;546;513
256097831;185;224
256097830;170;213
2379738118;446;176
1262447343;271;232
269722923;490;448
269722920;521;447
269722921;508;447
269722924;471;440
269722925;431;429
2706350788;607;514
269722929;467;438
4078371623;749;417
1018528122;288;536
1018528126;249;520
2370517713;441;90
2370517715;336;89
2370517719;386;88
1261121099;353;249
1061624194;207;148
3379783178;206;78
3379783179;203;86
1016925320;383;561
2768450538;618;299
1059851924;81;135
3457749002;699;364
3457749004;699;363
1059851920;72;145
1059851921;73;143
1061625020;133;89
1061624994;185;142
1061624996;165;124
1058893256;153;401
1058893251;152;398
3081558878;283;443
1260180228;363;103
3273276369;309;543
3081558871;290;441
3081558870;184;380
3081558873;202;312
275600245;473;470
3081510969;400;426
3081510968;389;387
3081510963;448;429
3081510960;436;431
3081510967;383;433
2195396133;315;436
3081510965;464;467
1193429296;661;552
2195396135;298;434
3370690645;402;128
3370690646;400;122
3370690647;396;115
1055371809;851;168
275597211;563;416
275597210;559;455
1913208442;494;549
2370578062;200;171
2370578063;236;168
2370578064;224;149
2370578065;221;147
3274753074;626;385
3274753070;622;388
3274753072;765;506
1059852779;150;284
1059852776;152;284
1059852773;79;270
1059852770;65;286
1955126555;54;95
1059527023;581;114
3400277521;17;456
1059527027;585;114
1059852593;151;258
1059852597;150;256
2370367450;484;590
2896830940;747;554
311367490;519;316
3184421677;336;5
4099642146;702;498
1016468695;402;554
1016468878;392;573
1016468698;281;552
1261054662;434;98
3075078777;543;596
3075078774;534;563
3075078775;583;601
3075078772;617;595
3075078773;547;560
30215256;424;315
30215257;408;331
30215250;428;301
30215252;427;312
1061623085;132;26
1938966751;224;252
1061623080;140;14
990018517;82;322
3083371826;515;223
311371922;302;242
311371923;288;228
311371920;308;248
3273273546;176;525
1059526311;78;127
3273273544;225;459
3273273545;179;502
1058892391;25;406
3273273540;202;530
311371929;263;202
3701762327;869;571
3184433333;324;1
1455438404;439;372
1455438406;426;269
1455438402;419;388
2379706628;812;516
2379706624;735;532
2379706625;731;529
2379706621;742;538
2379706622;740;537
2379706623;744;534
2370366659;462;575
1058894393;78;614
1058894391;83;613
1024722385;300;480
1024722387;320;465
1024722383;301;476
1937932626;444;492
4314904361;419;110
3081525004;472;422
3081525006;458;435
3081525007;570;447
3081525000;490;427
3081525001;483;431
3081525002;468;412
3081525008;441;439
3081525009;445;444
3379772325;538;313
3379772327;538;297
3379772326;538;304
3379772328;538;307
3457689675;645;177
311375346;336;175
311375347;328;182
311375344;390;134
311375345;386;133
311375342;398;139
311375343;393;136
311375340;422;155
311375341;414;150
3184433338;331;12
3184433339;334;14
3184433336;327;9
3184433337;329;10
3184433334;324;4
3184433335;326;7
3076893743;672;459
3076893741;764;526
2896830901;752;572
2370590054;227;260
2370590052;225;264
2370590051;249;268
256098329;207;315
269722984;396;441
1059852900;148;267
2837955998;368;532
311371050;549;359
2370517738;324;80
1018527999;381;567
2370517732;379;80
2370517730;393;81
1018527990;227;532
2370517736;338;80
2370517734;422;80
768676847;463;165
1059851908;43;195
1059526884;546;110
1059526782;473;95
2371804522;109;225
1059526784;471;93
1200966174;704;352
1059526877;548;109
3082166464;545;387
3076865623;634;425
3086114283;213;169
3086114282;299;178
3086114284;288;124
3086114287;254;131
2370354510;630;297
2370341424;576;270
2370341425;591;256
2370341428;644;192
275601244;449;529
3083418541;536;232
3079738265;607;238
3079738264;668;233
3079738267;650;189
3079738266;629;238
3079738260;658;227
3079738269;634;307
3082408134;510;354
2370354505;616;328
3044788781;799;162
3044788780;658;163
3044788783;806;161
3044788785;834;159
1250432590;730;556
2379789060;144;156
269718719;637;217
3398749996;108;540
1645204649;653;447
1059851593;38;108
1059851598;54;133
3461609145;509;345
275611754;602;376
990017558;120;339
275611750;605;406
1257860614;568;167
1645204644;631;478
1061753950;240;22
3273917390;354;514
3457706701;653;168
3457706706;657;167
3457706705;650;167
3273917393;351;511
3273917394;358;507
3273917395;347;507
3075078758;553;567
2607282540;187;520
3075078757;480;578
3079803564;705;589
1061625109;132;120
3359258062;468;415
1060107001;5;25
3424857400;712;359
3424857404;702;351
3273273560;222;471
269722711;488;457
1059526665;119;174
1059526667;162;206
3085937879;392;117
1058894109;127;565
1058893604;64;380
1058893607;85;385
1058893609;100;388
1058893359;156;304
2366981647;27;359
1058894375;106;613
1058894376;97;613
1058894379;93;610
2370650484;182;568
3236233300;87;192
1058892910;67;505
1058892917;74;501
2366981643;14;290
2370650486;191;564
3364742605;226;86
2379715158;419;389
2379715159;450;390
2379715152;453;399
2379715153;430;395
2379715150;462;401
2379715151;451;399
2379715156;419;391
2379715157;452;392
2379715154;453;396
2379715155;417;391
2378729688;350;6
1058894515;87;490
1058894517;86;397
3075153096;542;510
3075153095;549;521
2370650510;162;545
2379693988;637;242
830672288;774;544
269723149;218;438
269723148;242;442
269723147;271;447
4214834647;472;593
3075182569;474;468
3075182568;530;481
3075182567;489;472
3075182566;542;460
3370503416;484;112
1061624672;49;24
3083371786;532;233
3083371784;481;213
1260180460;341;92
1908677154;466;517
1260180466;286;79
3079788568;629;528
1260180468;285;119
3083547589;422;77
1061623522;243;86
3083371781;477;207
1261054691;443;105
3083371788;522;239
1059851694;25;166
1057437376;72;371
459507122;309;562
459507120;262;542
459507121;290;556
2370517758;366;63
2370517754;395;72
3364746609;210;79
1061622924;194;23
3152925588;686;335
3085937836;429;127
2379760349;158;525
3076865549;653;437
3384754609;26;450
2668213712;599;126
1260180260;334;55
1061623320;218;53
1194549295;575;602
3086092955;328;8
2942780601;37;314
2370366683;555;564
2371712091;40;46
2370366688;481;559
1055372861;171;574
1055372864;167;572
1055372866;164;569
252235552;542;141
252235553;551;152
252235556;612;194
252235555;606;188
3364897331;141;113
3081281685;454;517
3081281687;386;483
3081281686;400;549
2370443471;403;385
3371725930;61;403
3081281689;382;503
3081281688;419;539
2371737282;126;60
1408445348;443;581
2371737280;112;71
2371737281;118;66
311371105;325;199
311371106;324;183
311371107;324;138
311371100;458;221
311371101;457;234
311371102;459;262
311371103;323;332
275605020;529;467
275605024;516;520
1645728211;355;29
2701252298;580;112
2701252299;582;135
2370607045;183;311
3079738248;681;352
3079738247;635;206
3079738245;641;192
3079738242;628;309
3079738241;653;241
3079738240;689;280
2379692873;443;213
248137266;580;484
248137265;582;459
248137261;478;457
2366981639;33;276
2668213749;601;122
31678561;284;375
31678564;387;384
256099468;251;299
256099469;263;375
1262194187;371;338
3457432221;555;115
2371446930;654;229
2371446932;690;427
2371446935;426;409
1193429498;750;403
1193429493;675;547
3085937842;395;131
1936550766;681;361
1016468834;372;543
1016468831;390;572
3892502668;369;330
278005023;526;314
278005020;535;338
1018528060;313;553
1018528064;330;515
3194322988;668;421
2775763262;547;416
2361227095;545;569
3184418992;336;5
3364860686;139;162
1058893379;148;376
1058892974;95;364
1058892977;84;352
1058892976;88;357
1058892971;106;373
1058892973;100;368
1058892979;78;347
2370354496;576;372
1058893085;64;371
1058893083;69;370
1058893081;71;369
4163896940;157;397
31678622;727;380
2371804507;99;273
2371804504;71;279
2379792928;300;58
1200966186;711;357
1061623156;175;38
2379738114;445;178
1058894357;90;614
3457689630;639;219
1055371988;554;617
3081960349;426;388
1055371984;583;615
4187848085;702;636
1058893191;89;372
1059852496;95;197
4187848081;662;641
4187848082;661;638
1061623547;222;56
1061623541;214;51
2668207787;651;190
990017293;126;332
2379738137;499;151
990017291;126;346
2379738139;443;148
2379738138;466;149
1059852279;122;176
311375831;269;114
311375832;269;110
311375833;289;73
275606362;549;559
275610630;682;411
269722946;447;432
3085937865;431;122
3085937864;413;101
3085937867;395;126
3085937863;350;166
3085937862;399;81
3082454075;475;319
2370669747;184;567
2370517774;370;45
2370517772;370;56
1061622944;191;36
2370517779;362;41
1260095452;219;157
31678602;554;109
31678601;561;121
31678607;586;497
31678606;580;488
275609040;543;541
3079803569;684;590
3075182581;496;471
1645203797;611;434
1061625088;139;42
3079803561;710;587
3079803563;759;500
3079803562;757;508
4150674369;300;284
1277519274;442;233
3184422059;339;1
3285457471;554;448
990015291;92;331
990015292;92;348
990015293;94;349
4150674373;291;297
1260180241;310;40
2682340733;438;370
3369823225;100;223
1061623305;221;45
1061623301;223;47
1941121487;241;203
1058892764;86;420
1058892767;154;420
1055372667;741;175
3273276368;233;457
3273276361;192;512
3273276363;226;485
3273276362;161;523
3273276365;223;493
3273276364;225;488
3273276367;224;459
3273276366;227;466
3131825249;620;619
275594431;829;160
275594432;829;153
3131825247;398;563
3131825246;415;556
3131825241;621;612
4363666186;478;94
3398749993;113;538
4150674372;282;291
1808533835;756;571
1808533834;741;577
1808533831;763;561
1057437580;23;371
1808533833;749;574
1808533832;730;579
3082166506;493;377
3498778641;268;298
3273273533;222;464
248137248;317;405
248137249;324;408
3379788593;209;102
3379788597;208;96
3379788596;213;96
3379788595;215;93
3379788594;211;90
3379788598;211;99
3075078788;484;580
2370435029;344;421
3075078782;551;573
2370435027;402;420
1061623482;246;52
1061623486;237;72
1061623484;242;61
2896830935;660;558
1061753914;228;15
1059852689;125;300
1061753910;226;17
1061753919;229;12
3184421680;357;22
3044788478;640;614
1059527047;588;122
1059527042;589;120
3075078794;571;559
3075078795;550;578
3075078796;485;569
3075078793;591;583
3180545180;697;561
3075078798;466;533
1018528043;263;528
1018528047;259;526
1018528045;212;512
3081558879;258;453
3081558874;219;255
3081558877;304;448
3081558876;159;267
275605862;517;516
1938000940;416;554
1938000943;417;556
1938000945;441;556
2370366647;529;611
1058893318;145;376
3079788616;591;450
1058892951;19;524
1058892950;17;522
2371804529;127;218
1185323728;578;526
275604617;427;482
3081584726;278;299
269723103;253;422
269723102;264;422
269723105;196;421
269723104;218;422
1058894335;20;597
1058894337;17;599
1058894333;35;586
4055268788;453;94
1262194283;371;334
1055371960;684;615
1055371963;658;613
1058892435;26;446
3057316893;681;588
1059852478;85;201
269722278;350;541
269722277;338;567
1059852217;84;212
1199878357;653;471
2370607049;188;306
3085937846;356;115
3085937845;441;98
3085937843;365;70
3892502669;364;320
2370607102;199;270
2370607109;166;244
31678621;751;411
1141037839;670;338
3086151882;160;343
31678629;613;333
1141037837;643;307
1141037835;646;341
1469127520;520;250
3701762335;969;513
3076865581;686;435
3235207284;222;189
3235207285;167;146
1061623360;155;9
3081558926;285;423
2379723984;597;570
2370366644;545;616
2370366646;527;611
2370366649;533;600
1059526721;479;96
2370517701;418;116
1059526725;478;98
2370517707;394;95
1055372823;154;589
3817864011;718;211
252233777;618;245
512541822;280;171
2379695098;624;345
1059526899;539;113
2943926675;95;380
1059526892;542;112
2379695094;600;362
2379695095;597;356
2379695096;630;350
2379723980;594;585
2379723981;589;583
2371666258;47;587
2370341447;621;148
2371666257;71;587
3086151881;161;369
4286601018;149;383
2379755780;526;384
2370332234;677;245
2370332239;690;177
2370332238;627;224
1055373157;88;589
3082408152;457;383
3086151883;162;372
3131825244;392;524
3185233393;358;22
3185233392;358;21
3185233391;359;18
3185233397;353;40
3185233395;356;30
3185233394;356;29
3185233429;378;60
3185233398;350;49
2370435046;333;390
30215232;397;205
3083547604;801;163
3083547605;388;46
3083547606;672;170
278005047;512;362
276949336;698;378
276949337;697;400
276949334;688;337
276949333;686;333
3044788497;752;595
276949339;696;413
311367410;544;204
311367419;565;195
1061625181;105;112
3124384722;672;409
3124384723;670;407
3124384724;667;406
1018528028;411;456
1652842213;433;345
275605888;546;500
275605889;538;516
248137420;456;531
3057326526;672;583
3083371785;464;212
2942738824;611;428
3081292088;445;487
3081292087;400;462
3081292086;459;473
3081292085;383;465
3081292083;439;473
1059853495;107;294
3081292080;458;480
990019172;123;359
275612349;631;395
275612348;643;406
2379782148;207;258
275612347;650;422
3082166448;489;374
3082166449;486;381
3082166446;488;394
3082166444;511;398
3082166445;517;391
3082166442;529;385
3082166443;473;310
3082166440;519;380
3398749994;95;546
1058892429;10;457
3079788612;460;571
2371804542;140;189
4286601035;151;397
256097472;201;331
256097475;203;313
1055372145;589;611
1061623114;151;25
1061623116;161;25
1058894316;151;574
1058894310;154;533
2379709156;754;593
1058894318;156;585
275599537;484;407
1055371949;723;609
1055371943;732;604
252235307;560;215
3083371795;539;237
3044788481;716;614
3083371794;540;222
1936894860;325;233
3083371791;558;246
3083371793;471;222
3083371792;574;328
3273273529;302;539
269722257;341;521
269722258;322;512
269722259;312;509
1941154348;630;585
3081640447;338;303
2385237110;553;239
1260080585;214;166
1059527361;397;61
1059527364;410;71
2775763243;546;413
2775763249;531;459
2379738175;495;109
1059852984;49;264
1059852234;85;224
2379738171;466;113
2379738173;449;110
2379738172;482;116
3379770859;530;299
1937965492;337;417
256098769;213;293
3185233421;359;52
3185233420;364;42
2849837066;498;103
3185233423;370;45
275608459;515;575
1016468774;408;568
3081558895;294;450
3180525658;660;460
3185233396;354;39
3185233427;395;59
3152925593;694;418
1652842406;438;299
3076865657;619;423
3379770857;530;281
4214834652;497;604
3270661436;361;415
3270661437;328;393
3270661434;160;437
3270661435;362;410
3270661432;193;391
3270661433;325;392
2370366661;442;573
2379706609;647;580
2370607137;193;232
2371804486;73;341
2371804484;132;346
3273273531;185;525
1267012313;314;147
2380746563;15;439
2380746561;18;439
2370607075;265;296
3086092977;354;12
1058893457;157;374
1058894107;148;565
1058894104;110;581
1058894105;131;573
1058894455;172;226
1058894108;112;570
1058894457;159;251
248137282;413;517
2370636446;321;535
248137284;435;465
248137285;443;445
1260180172;354;104
311375263;359;18
311375266;352;49
311375268;357;22
3086151869;164;373
3361052779;204;116
3185233409;370;46
3270661430;181;390
3185233403;353;39
3185233402;339;29
3185233401;339;29
3185233400;358;22
3185233407;364;43
3185233406;362;41
3185233405;357;40
3185233404;353;39
3270661431;364;402
251295037;108;373
1620859476;201;475
1620859471;191;455
3081510971;441;411
3081510972;445;422
3752952967;393;384
3081510978;388;393
4078371622;750;416
3081510979;448;421
3184760683;553;183
3184760681;512;135
1059851512;27;101
1059851510;18;88
256098572;237;296
1257926586;325;258
1018528008;238;517
1018528004;284;521
3379398092;355;430
2771801926;643;427
2370393234;397;564
2370393236;405;561
2370393233;398;571
2370393238;427;556
3152925595;677;433
3081292061;428;480
3081292063;448;469
1058892622;74;454
3081292065;426;487
1058892624;62;456
3081292067;422;460
1058892626;29;462
1058892629;24;464
2361227088;527;574
3082166462;513;326
3364864055;144;130
3369832837;122;296
3369832836;118;292
3369832835;108;288
3369832833;113;285
1059526910;527;110
1058892449;54;403
2942738826;306;571
2942738825;442;588
1260180346;364;114
1260180348;333;137
1646281959;634;355
3044788491;511;605
3044788490;740;603
768682870;534;215
1061623289;237;47
1265828502;301;167
1620859479;191;463
2379738166;474;120
2379738167;497;124
1061623135;181;36
2379738164;447;121
1061623131;185;33
2379738163;448;122
278366667;192;401
1058892999;44;313
278366663;319;379
278366662;263;379
278366661;264;403
278366669;183;421
2605664091;538;211
1055371926;776;558
1055371920;783;548
3424583835;667;454
3079788624;463;578
269722234;439;525
269722235;433;537
4290202205;222;270
3289759136;471;402
2370607084;259;294
2370607088;279;292
3081295789;381;451
1059852434;64;211
1018527979;195;507
3044788510;764;582
2775763227;539;391
275606985;570;474
2379738152;491;134
2379738159;455;127
1059851700;32;158
3180545178;701;570
3083509865;451;107
1061753871;264;18
275603350;618;521
1061753877;272;17
1061753875;268;17
269719185;648;225
2706340999;612;507
2706340995;618;499
3124384721;677;405
1061624622;53;34
3370712784;741;571
1061624155;219;128
3384754610;20;451
2195396110;294;447
3364860520;149;75
3082166489;538;386
311375326;354;108
3235202108;200;177
1262194412;332;179
1937948666;452;442
1059526581;264;65
1059526580;275;44
1059526582;252;91
1059526586;232;128
1059526589;216;156
802789205;658;583
275587102;519;472
275587103;505;479
275587106;491;490
275587107;489;492
275587108;489;497
275587109;489;500
1265829048;304;157
3044788527;307;574
3083418535;580;324
1058893474;160;257
1058893472;158;263
1058893470;157;270
1058893478;175;227
275597707;582;456
1058894126;124;556
1058894122;141;546
415156591;681;540
2370636467;186;503
2370636465;194;506
2370636463;202;509
3236233302;86;190
3131825243;592;616
4404239084;83;588
269723088;212;403
269723086;163;398
269723087;205;402
269723085;218;403
311371096;507;314
311371097;515;311
311371092;497;292
311371091;495;273
311371098;518;310
311371099;521;311
2386222833;7;566
2386222834;4;280
1936884786;325;163
1936884787;362;125
1061623932;57;23
1059852379;102;244
269715990;617;264
1059852374;106;235
3235202103;189;203
1059851570;150;192
3081292082;329;465
3235202105;195;192
2370590074;308;248
311367459;531;237
311367458;516;240
2370517678;336;151
311367450;479;268
311367453;492;257
990019523;101;324
990019520;120;316
2768450580;614;258
2768450582;616;250
2768450584;634;211
2379723990;620;550
3076890546;758;421
1185323560;594;484
1260180361;353;112
1925980412;104;385
768682859;561;192
1058892600;34;441
1061624454;127;94
1058892604;1;439
1064304360;58;337
3398749997;129;539
278366601;351;458
278366600;369;403
278366602;368;461
1058892469;41;376
1058892464;40;383
1058892461;40;388
1055371907;830;501
1645204646;647;455
1055371902;837;494
1408445406;501;298
2370327486;750;414
1454266219;658;421
3079788609;470;578
1454266214;737;523
1454266217;732;437
1454266211;723;547
1454266213;709;540
3397689487;178;82
275587913;611;431
275587912;610;442
275587911;585;477
275587910;581;474
566635092;684;333
1061622608;99;20
278344482;593;211
278344485;620;200
1936894884;320;233
899226174;519;116
275601354;431;474
252236333;650;176
252236332;631;180
1059851496;228;95
1018527952;380;450
1018527956;403;486
1059851499;214;112
4314953264;239;75
275604632;414;487
275604634;425;448
256098018;178;219
3847980026;171;170
1057437604;105;380
1057437600;90;378
1057437603;98;378
1024722403;318;465
1061622850;197;15
1909211019;540;395
2942366323;530;116
1059851723;5;138
275596560;542;447
1016468663;383;568
1059526741;487;105
275610449;719;373
3817864006;663;217
1055372146;586;613
1061622477;155;47
256097474;202;317
256099261;201;356
1260180135;293;104
4363666750;490;99
1061623076;148;3
2370377779;382;519
2371706525;41;78
1265828339;301;178
3179959794;651;371
1058894146;87;462
2379709158;752;590
3179959793;644;380
1620494639;506;112
3044788749;222;561
3044788747;213;562
3044788746;284;564
3044788743;274;567
3235202110;203;172
1059852603;148;254
1059852607;146;247
2942366324;497;107
3390965763;756;510
1059851554;206;123
1059240085;43;320
311367473;574;261
311367472;560;248
311367470;550;221
311367477;579;298
311367476;577;293
311367475;576;271
311367474;575;265
311367479;552;293
2943102586;697;279
3370722255;470;534
3802210410;426;220
3370722256;469;541
4286601068;117;395
2941432801;715;226
1059852668;129;229
1925980389;125;389
1925980380;127;386
311372820;468;141
1260180308;336;107
3379760651;515;177
1260180303;296;101
3361196437;262;1
1059853436;131;359
3273273539;308;552
3273273538;315;547
1055371734;620;137
4286601022;149;378
3075078770;603;593
3132001511;86;372
1058892388;29;418
1058892480;22;395
1058892483;18;386
1058892482;21;391
1058892485;12;376
3398289563;7;28
1059526631;85;139
3273273530;165;522
3273273537;205;531
1059526636;88;142
1408445422;515;291
3086114292;199;188
278366486;649;255
1061622594;122;16
278366484;661;266
278366489;645;267
1454266231;646;409
278004997;743;475
3457689691;670;173
1059852163;79;184
1059852160;85;189
1059852167;69;176
1250432551;777;562
256098252;224;254
256098253;223;251
256098250;222;257
3086129831;203;187
3086114295;316;183
3376426011;224;494
1261054658;416;88
1059852296;100;177
1059852291;72;154
1059852293;77;159
1262194311;346;186
275604618;445;490
3817961605;685;431
2370578094;229;50
262397786;162;477
2896830878;723;580
1057437628;132;385
1057437624;122;385
1057437620;110;382
3185233411;333;40
1061622832;184;2
1106083680;716;554
1059852838;144;321
256098788;181;338
3701754124;719;610
1250432562;787;547
256098786;179;311
1250432565;769;551
3083504832;454;129
3086092964;335;93
3086092961;327;109
3086092963;344;100
3086092969;387;54
4286600941;77;365
4286600940;81;362
3369854511;116;289
1016925272;388;555
1298886274;35;374
1298886276;60;369
2371697935;7;257
3186628304;645;482
3390965764;749;519
3390965761;744;523
3390965762;746;526
2370607066;181;300
2371804421;241;536
2371804423;159;534
1941154346;648;581
2371804426;86;460
2371804428;88;461
1941154347;649;584
1059853176;83;303
1059853170;95;281
1260180119;364;112
1260180117;324;34
311375203;442;270
311375201;442;180
311375205;395;58
1260180519;319;46
275604841;418;504
3081510961;345;422
3086151876;152;368
3081510966;444;399
1061623466;219;25
1061623461;227;29
3044788766;881;208
3044788764;886;223
3044788762;895;268
3044788760;894;309
3044788768;872;190
311371052;564;404
311371053;565;390
1024722358;305;464
311371051;538;387
311371056;582;365
311371057;588;357
311371054;566;387
311371058;524;284
311371059;521;259
1059852625;132;229
1059852333;20;254
1059527368;421;79
1059852338;50;201
277129901;755;429
277129904;745;422
1652842419;458;274
2367475959;63;332
1652842418;438;278
1061625100;103;76
2380741155;52;321
2380741154;48;325
1061625104;119;101
1061625106;128;114
2367475963;73;368
2367475962;74;366
4286601049;160;419
3402247669;613;222
4286601047;159;427
1059851826;1;228
269716718;566;358
512541787;304;180
3083547571;395;54
3083547576;408;66
3083547577;694;177
512541788;309;182
512541789;311;183
3273930167;543;556
3701762325;775;612
1061623260;211;50
1061623267;203;59
3236233301;87;191
1061623264;208;54
537801335;546;414
1058892647;73;381
1058892645;63;386
1058892644;48;394
2379738179;481;104
2896830926;734;563
1058893510;152;384
1058893512;163;381
3701762329;925;539
1061623192;184;14
1064304328;81;357
1055371759;826;159
311371872;295;221
311371876;303;214
3075182586;552;460
3075182585;509;430
3075182582;496;428
3075182580;547;489
3075182589;536;481
3075182588;518;480
3274753073;633;379
3079788642;634;524
3079788643;603;579
3079788644;587;423
3079788646;649;537
3079788647;632;325
275598190;493;488
3402247668;612;224
3075182573;571;508
2195426985;306;78
3086129814;324;254
3086129816;285;275
3083509869;465;181
3083547599;537;115
3086129819;209;240
2379726565;493;522
2379726564;483;524
2379726562;466;529
1262194338;323;304
1061753811;230;10
3083509870;472;179
2370458917;323;270
2370458919;324;256
2896830813;591;605
1059851454;159;199
3083371797;521;233
3083371790;464;217
1277519205;443;221
3083371799;544;273
3083371798;555;262
1250432545;785;544
3289759134;512;411
3152925594;688;428
3152925592;696;409
3152925591;698;383
3152925590;700;357
275595467;585;437
275595468;594;438
1058892581;137;476
1058892583;137;458
1058892586;136;439
1058892587;135;420
2361227084;530;580
2361227082;537;573
3082166501;479;308
3082166505;493;388
3082166504;430;328
2701366787;152;312
1058892362;14;397
2668207842;711;192
3802211211;426;234
1055372886;160;441
1055372881;161;502
2371804403;89;570
2371804407;158;567
1055372888;158;416
4516155305;377;131
4516155306;371;128
3083509867;464;127
3083509864;468;100
3083509862;493;108
3083509863;496;113
3083509860;471;136
3083509861;447;130
4214834653;499;603
3083509868;479;131
4214834654;502;601
275606137;604;512
3181221414;530;486
3131823024;624;618
3369854510;125;279
3131823023;548;617
3075153153;547;513
3075153150;535;510
278366563;670;350
278366566;674;433
278366567;670;446
278366568;681;438
2370578060;230;178
1955126551;29;57
1061623444;256;49
1061623440;257;53
3384754603;19;457
1061623448;244;43
4491752363;88;524
3361058617;188;104
3081292071;396;473
3361058616;183;107
1061623347;228;63
248137319;559;567
248137312;510;519
248137313;521;522
248137310;473;527
248137316;547;545
248137317;547;550
248137314;534;529
248137315;538;534
3329684536;721;501
1260080447;278;217
3270661438;318;392
3270661439;307;412
275601740;422;448
1018528089;218;510
1059852319;46;282
269715289;579;150
269715288;581;147
269715285;585;139
269715284;584;137
269715287;583;145
269715286;585;142
1261054591;424;111
1059527117;593;115
3075153141;534;498
4187848075;610;644
990018867;128;369
1260180498;364;110
2370517789;372;35
3075153147;569;559
2370517783;366;39
2370517787;373;34
3370642643;380;52
3081292062;432;471
3081558915;286;438
1061624255;148;76
2666920944;596;576
3083547578;441;86
3425339535;683;351
3425339534;689;357
1059526197;360;8
1059526446;280;39
3701762326;772;610
1055371770;814;161
990015265;112;307
3701762328;866;570
990015266;111;367
3370491324;476;103
1261054710;430;115
1261054713;413;100
3379728855;275;179
3361058618;178;105
566635077;718;580
566635076;713;573
566635074;694;573
566635073;689;574
566635072;686;576
566635070;708;566
1059853032;86;251
566635079;721;580
566635078;733;564
990019519;111;316
2896830945;765;548
3370642642;375;59
3076823511;668;432
1055372691;807;162
1260180707;350;49
1061623294;233;52
1061623789;231;92
1260180640;286;114
1057437593;67;377
1059527473;532;120
1408445399;499;376
1059527477;550;126
1408445393;486;397
1408445391;480;401
1408445397;497;382
1408445394;492;389
3085947138;363;77
31678599;592;125
31678598;612;132
31678593;696;287
3085937835;339;61
1059852781;147;283
1059852786;139;279
1059852789;137;277
2370523685;316;28
2370523688;349;8
3457463765;617;135
3457463766;596;134
2195426961;227;176
1059852876;144;247
1059852879;139;259
275607230;598;508
3085947134;323;64
1059239992;8;316
3364762054;219;5
3152925578;635;214
3364762056;222;20
3364762053;231;10
1059239994;20;323
1061625315;110;158
1057437598;82;377
1058892562;52;392
1058892560;54;398
1058892568;117;390
1937984011;361;442
413329089;250;480
3085947139;345;49
3085947137;290;73
413329083;165;467
413329082;163;492
277129953;518;379
3382512502;187;284
3083418534;557;272
3083418537;575;324
3083418536;539;244
3083418533;473;208
2371804465;90;386
2371804466;100;373
2371804463;86;387
2371804462;89;387
3390992014;696;602
2371666290;52;460
2371666291;52;459
3085935427;396;60
3085935426;356;94
3075078771;536;564
1937977591;316;453
3085935429;403;162
3802210412;427;207
3081558875;153;361
768679864;452;102
768679867;503;144
278366506;718;220
278366507;717;211
278366504;708;242
278366502;699;267
278366503;700;253
278366501;699;273
3083509840;522;201
3083509841;476;182
3083509842;481;141
3075078779;586;562
3083509844;445;142
3083509845;473;138
278366508;708;213
278366509;692;218
3457749003;700;363
3083509848;485;135
311371018;539;313
311371017;522;312
3425182642;839;159
277129950;530;385
459111248;311;427
1055373002;157;583
459111244;328;434
459111246;320;429
277129942;539;359
1018171043;328;565
1018171045;343;554
3361072464;207;118
3361072462;199;111
248137337;590;614
2666803153;684;469
2666803154;652;429
1262194274;337;202
1059851866;19;204
3709012039;401;129
1059851862;32;214
3382476914;113;42
1938966755;224;255
3235202109;204;175
3081558897;156;282
3081558894;187;227
3081558893;162;257
3081558891;165;268
3081558899;200;344
1061624232;201;129
3057305009;168;527
3079803568;649;579
1941126108;335;89
269717404;578;132
1059527124;585;112
1055371792;835;160
1055371796;838;161
3194316701;663;421
3273273548;306;552
3273273549;175;498
3273273547;169;521
2942771229;360;203
3273273542;238;486
2942771225;284;29
3273273543;298;531
3083509847;485;134
3076823470;672;444
3273273541;167;497
1058893226;144;392
278004935;763;471
1061622686;19;14
278004938;779;498
278004939;780;504
1061622681;31;30
1277519221;455;233
252235690;613;166
2195426968;477;162
256099720;284;332
4286601048;160;422
275604418;421;499
2379756971;359;454
1024722432;346;506
275608948;520;573
275608949;500;584
1024722438;299;482
1260180621;331;100
1055371893;844;486
4286601020;148;377
3457463746;641;162
256098237;222;270
3075153145;530;518
3364762055;217;9
1059852857;134;298
1059852505;131;225
1059852850;139;301
35890184;558;128
35890180;549;106
35890182;548;113
35890183;551;121
35890188;604;137
3086092988;343;4
3086092983;336;5
269722855;456;504
269722852;486;506
269722853;467;506
3086092985;327;7
3086092984;321;114
3086114319;296;176
3086114318;187;216
3086114316;323;33
3086114315;326;130
1061625330;156;138
3086114313;316;55
3086114312;253;134
1061625334;189;88
1938011857;188;482
2379706629;760;511
3081558880;297;438
1058892541;40;412
1058892542;39;406
1058892543;36;400
3081558882;200;330
3085947154;348;48
3085947155;269;74
3085947152;306;70
3085947153;321;65
3085947150;265;72
3085947151;363;70
3081558885;168;245
3081558886;195;276
3081558887;284;441
3457985558;686;331
2370607095;184;287
3400232616;172;310
2371804447;88;421
2371804442;173;421
2371804448;86;410
1055372049;202;559
1185323601;558;583
1055372040;241;555
1055372047;224;555
1185323608;588;535
1325246162;708;484
1325246160;725;496
269723024;284;420
269723025;284;404
269723026;284;388
1059239951;24;301
1059853229;42;297
1058892899;54;521
1058892897;48;521
1058892894;45;523
1058892892;41;525
1058892890;35;529
1055372957;176;585
3085947136;370;66
3075153118;508;508
3075153119;539;496
3075153113;504;507
3083547575;456;96
2370377806;376;478
3178888410;195;569
311375199;452;178
311375190;444;138
2380735245;27;256
311371035;598;236
311371036;540;269
1061622740;20;41
311371031;561;249
311371032;575;221
1061622748;29;6
311371038;541;265
311371039;543;264
275601319;447;476
3081584728;258;341
3400273458;11;457
3076823498;623;490
3085947135;299;72
3076823493;653;439
2370636512;229;475
3081584721;276;291
3081584722;279;296
269716442;588;406
3044788522;325;579
3081584724;256;295
3081584725;255;302
1061625435;159;60
1061625438;157;65
3189153199;437;366
1261054559;439;102
3279339610;703;589
3461609141;512;362
3184760680;483;129
1262194258;334;198
4490191402;154;475
3086114276;281;196
3274151297;355;491
3274151298;355;496
3274151299;352;485
275612016;621;423
3086151875;160;359
1257926469;387;330
1059240007;33;310
3086151877;224;266
1260095486;283;191
1260095489;254;181
2370357895;487;394
1061624746;89;3
2768450522;618;308
1059526400;210;171
275602561;458;415
1059526402;219;157
1059526405;237;128
1059526407;249;105
1059526409;261;81
3085937896;443;178
3085937890;370;137
3085937892;446;91
3085937893;430;124
1018528151;226;513
275610516;686;430
3081525005;463;436
506381556;354;562
506381557;359;551
506381558;365;539
506381559;372;525
500056737;674;218
2370327466;764;478
3402247670;628;222
3086131056;309;225
3278000383;399;433
2379850477;39;308
3424654991;629;482
1059853078;54;251
1267012278;310;162
2195426983;306;81
2195426987;303;52
3364860516;146;139
3364860517;130;138
3364860514;141;135
3364860515;133;132
3709014453;449;144
3709014452;450;143
3709014451;451;136
269719578;670;172
3364860518;139;149
3364860519;107;13
275608926;474;576
275608927;477;568
275608928;479;562
275608929;482;558
1262194392;361;213
2379723979;593;611
2379723978;594;612
1061623741;176;83
2379723975;598;613
1061623749;174;68
2379723977;597;613
2379723976;601;613
3085947133;352;86
3457689665;650;191
3274903070;644;417
275610075;724;378
1199393936;751;404
2370357900;457;386
4286601046;158;421
2370354511;625;294
3083371809;556;263
275602993;620;530
275602992;612;518
275602995;618;537
275602994;620;533
275602997;621;549
275602996;621;542
275602999;606;560
275602998;614;557
3083371803;533;232
3083371805;552;282
3083371804;536;236
1957082034;258;79
1061625354;199;56
1061625357;202;52
3701575271;336;151
1652842414;459;294
2370361265;499;513
3390981097;763;490
3081525003;475;410
3081558912;284;435
3081558913;220;281
3081558916;170;241
3081558917;199;376
1262447787;293;233
3081558919;159;268
275603001;598;563
3278000382;406;443
1260080324;284;82
3278000381;408;434
1058892526;55;442
1058892527;54;459
1061624556;141;82
1061624009;83;10
1260180195;286;81
3278000380;403;433
1055372026;264;559
1055372023;302;569
3457985530;751;405
4314927676;475;220
1059853248;24;182
3079788588;619;354
1059853245;36;190
3079788585;471;527
3079788584;465;579
1059853240;58;207
3079788580;658;341
1058893073;75;360
566635068;702;570
3379744873;294;113
1058893075;75;363
3085937848;359;110
1250432588;763;546
3075153130;545;513
3075153131;555;511
3075153134;530;496
3075153135;576;525
3075153136;548;514
3075153138;558;540
3083509880;487;132
3083509881;461;142
3083509882;567;175
3083509883;442;188
2896830905;727;570
3400262791;15;468
275595144;592;461
3086114299;187;217
3081292060;435;491
277129980;501;410
2379738140;449;144
2370590057;232;263
3081584730;287;296
3273957574;573;551
3081292066;323;462
3081292069;448;470
3081292068;451;492
2379738141;459;147
2370590050;251;269
2379738142;445;157
3079738254;602;237
1261054538;432;140
1262194237;350;200
256097735;294;303
256097739;327;338
3081960401;431;383
311375312;349;76
311375314;348;71
311375316;348;67
275608599;355;531
1059240028;49;347
1061624762;80;13
3083509843;588;239
1723194921;370;341
2242775847;619;539
3083509846;483;137
1059851607;37;72
1059851602;68;150
3076823522;642;487
1061624492;184;152
3086114298;282;204
3082166463;473;376
3847980023;160;184
3847980022;167;175
3086114296;197;198
3086114297;203;185
311367504;509;330
3082166466;492;381
3082166467;471;376
506381578;411;576
3082166468;476;323
3082166469;472;293
506381570;678;579
506381571;667;580
506381572;661;579
506381573;657;575
506381574;655;567
506381577;603;576
3905244964;259;78
500056716;669;233
2370327445;742;563
2370327446;746;557
2370327447;750;548
2370327448;753;545
2370327449;757;543
3369832834;114;287
269720782;347;380
3369832832;126;299
2371804527;129;219
1261054726;401;89
1059853051;64;253
3078464258;755;413
275611820;627;408
3457432217;553;120
1059525739;299;4
1261054728;448;114
2379738126;448;169
1937974275;309;404
1058893489;159;532
1058893487;156;456
3081510952;442;438
3081510953;347;411
3081510950;439;439
3081510951;447;432
3081510956;448;405
3081510957;417;403
1061623625;207;88
3081510955;409;402
3081510958;445;412
3370525361;609;222
2942779700;66;202
278004978;704;557
278004979;711;570
278004976;713;529
278004977;704;554
278004975;727;512
278004972;723;479
278004973;751;483
275596953;517;491
3457445319;589;121
1055371850;892;270
1055371852;893;279
1055371857;893;291
2668207929;735;191
1059852720;128;270
256099187;171;375
3083509872;581;238
3079738237;634;207
3079738235;648;173
2195396139;255;432
1199878487;707;395
2195396131;284;433
2370636493;259;484
2370636490;220;481
1024722473;319;472
1059852546;93;189
2370357920;500;375
3188213815;570;457
2370357928;458;376
1061753891;284;26
3457706715;653;162
3083371821;541;245
3083371827;532;232
3083371825;531;315
3083371829;544;295
3083371828;553;255
269716327;602;408
2371804414;157;549
269716638;596;376
1061625372;208;7
1059852896;142;245
2379687558;196;152
2379687553;52;224
1016468848;387;567
990017696;121;309
3081558931;180;226
3081558932;201;313
990017695;121;350
3361048528;187;105
3361048529;205;106
3361048527;196;96
2370517717;400;89
1055371699;812;160
1058892500;68;420
3273917391;427;571
3273917392;487;566
1061624535;191;134
1058892504;68;410
1058892505;67;389
1055372003;478;592
1055372001;488;594
1957115925;65;371
4286601060;154;376
3082166499;502;396
3082166491;482;311
3082166490;466;279
3082166493;484;314
3082166495;469;284
3082166494;494;288
3082166496;475;317
3075078765;532;575
3075078767;496;575
1064304341;55;332
3075078766;552;583
1185323424;570;537
1055372917;155;389
3075078762;491;572
1055372919;156;420
30215247;426;273
30215246;426;262
3553701239;494;558
30215243;426;221
990018296;101;331
251298875;284;379
251298872;175;380
3076890544;751;408
3076890545;757;414
2674464450;458;369
4286601067;117;415
2370354498;604;352
1018171027;351;568
35889022;846;164
2370354493;674;424
1248902329;739;498
3081281731;385;487
3081281730;422;554
3081281733;372;543
3081281732;398;544
3081281735;442;508
3081281734;398;546
3081281736;424;557
3082454070;438;304
275598490;487;488
1645185360;669;447
1262194214;358;342
311375339;422;164
311375338;421;168
311375337;418;176
311375336;416;207
311375335;375;133
311375334;361;124
311375332;381;135
275608249;499;544
275608247;510;525
275608245;512;519
1260180413;318;85
1260180416;315;74
1059240044;24;309
1059240040;29;314
1059527999;545;117
2370590066;234;258
2370590062;235;259
269717207;553;124
1059852975;60;275
2379738186;451;96
2379738181;450;101
1265828185;420;207
990017359;126;339
269722933;461;436
275602529;442;432
275602526;434;446
1260080553;255;179
2371737279;104;78
1059852840;143;309
1018528117;213;508
1018528111;259;504
2370517705;401;102
2370517709;407;95
1261121086;353;283
1261121084;354;233
3379747345;282;97
3457749011;700;349
3455828094;504;119
3076865560;626;424
1059851959;56;94
2371737276;106;114
3273273554;220;519
1061625035;116;63
1645728195;343;20
3273273556;213;517
1645728190;347;13
3273273551;289;512
3273273550;192;527
1058893244;150;395
1061623392;143;37
2379738162;477;123
1061623398;125;20
275607229;607;494
2896961042;160;375
256099747;240;354
2379738160;455;126
3081510974;444;420
3081510975;432;443
3081510976;366;416
3081510977;404;412
3081510970;418;399
3081510973;382;433
278004955;769;517
278004956;713;510
278004957;709;465
275596975;562;436
2370377789;385;492
2370377781;385;505
2370377786;389;493
2370377784;329;494
3370713951;710;581
1055371879;857;456
1061623707;156;66
1055371871;886;362
1055371877;864;427
1055371875;868;411
1055371874;883;371
3081510964;411;414
275601274;444;496
275598825;493;506
275598824;522;505
3398747719;365;423
277139025;457;388
277139027;459;400
269722101;421;427
269722102;427;407
275605382;553;492
2195396119;281;442
3086092997;325;114
3370548508;506;280
1059852704;104;291
275592908;286;565
1059527032;589;116
1059527035;590;118
1261054706;436;140
1261054708;410;112
3081558896;299;434
3361058614;198;93
4099642152;690;474
3081558892;276;423
3081558890;276;472
30215228;366;183
3081558898;226;254
30215227;357;173
30215226;347;162
3382546548;288;298
1257926575;388;334
1061623090;123;38
1061623096;116;45
4286600976;97;365
3370541413;630;182
3452205900;621;291
3452205901;605;284
311371935;272;184
1059526639;95;150
311371936;287;158
311371931;255;196
311371933;248;191
3273273532;233;468
1058892384;29;423
269722741;466;450
1058892382;27;440
311371938;291;152
3273273535;294;535
3273273534;305;535
2942781959;257;138
278366588;388;386
278366585;413;401
278366582;405;389
278366580;403;406
1941126109;339;88
3044788735;298;572
2379706619;752;546
2379706613;655;571
2379706612;626;579
2379706614;641;569
1058894380;91;607
1058894385;85;611
3086151879;145;384
3086151878;228;262
1024722396;303;463
3086151874;149;374
1024722394;230;521
1058892921;87;491
3086151871;154;378
3086151870;159;363
3086151873;226;263
1024722391;284;453
1055372938;161;582
1055372934;161;579
1055372930;161;575
2379693996;659;230
413329099;275;490
3390981093;770;488
3390981095;764;489
3081281719;397;545
3081281718;441;515
3081281713;421;497
3081281712;392;482
3081281711;397;545
3081281710;383;476
3081281717;397;544
3081281716;399;546
3081281715;431;502
3081281714;420;574
3390981098;761;492
413329090;217;501
2665717412;848;166
3081584732;263;343
3081584731;278;294
278344475;587;179
3424697033;535;503
311375351;285;134
311375350;272;149
311375352;287;126
3184433349;347;13
3184433348;331;12
3802211213;428;220
3184433343;350;26
3184433341;343;20
3184433340;340;18
3184433347;331;12
3184433345;355;29
3184433344;352;27
3364838390;178;6
3131823028;624;613
3131823027;389;554
3131823025;412;585
1260180430;360;123
3131823020;410;575
1059240066;25;363
2370590046;300;304
2370590047;290;296
2370590048;284;292
256098331;241;316
256098333;285;296
1059852918;152;303
269722911;553;447
269722910;548;439
269722919;531;447
4150674374;292;293
3184763221;382;79
2370517724;322;85
1061625233;179;159
1061622917;184;21
2379738153;452;134
1061625238;154;141
356404378;705;501
1909210993;533;421
3390965759;754;513
3081572456;352;476
1059851935;119;181
1055371242;651;164
3082166475;487;284
1058892715;62;464
3086131038;258;257
3086131034;283;238
3379770224;528;261
3379770225;522;263
1200966141;716;367
990018199;100;349
1059853094;71;262
1059853096;77;269
3365517677;72;100
2371804453;86;392
1260180237;315;111
3081586333;281;297
4286601061;151;375
1061624988;189;145
2371804459;86;389
3398706236;695;239
3398706235;698;230
1055371813;857;173
275605019;528;490
3081292064;444;491
2370354513;621;292
4286601055;160;385
1250432581;770;516
3082166479;476;304
2370578074;173;132
1059851584;31;98
1059851585;46;85
1059851581;17;109
1620859481;189;466
3081510962;406;412
1261054727;426;120
1059852587;157;256
311367483;525;301
311367480;539;296
311367481;529;299
2371666285;52;463
311367485;524;306
3457706714;655;163
278005078;213;250
278005079;186;308
990018298;101;307
3075078761;535;581
3075078760;532;589
3075078763;584;587
30215248;427;281
252233285;631;284
30215245;426;245
30215244;426;234
990018297;101;316
30215242;428;195
30215241;429;184
30215240;430;173
35889021;812;128
35889020;820;146
3044788782;843;161
311371918;321;258
3184433342;348;25
3044788786;829;158
3273273559;218;469
3273273558;172;497
3273273555;181;509
269722769;469;482
3273273557;229;458
1059526302;91;142
3273273553;164;492
3273273552;219;461
1455438413;442;262
1455438412;442;269
278004937;777;491
1058894363;88;607
1058894360;89;603
1058894367;87;617
1058894365;87;614
3370541414;630;185
1058894369;87;619
3370541412;628;181
1058892905;62;511
2370367447;502;599
1058892903;57;519
3361196352;268;3
1594640471;34;257
1594640472;21;252
2370650508;162;546
2370650502;162;553
3081525010;475;434
2370400339;412;580
3081572459;352;458
3081572458;351;444
3189183323;548;149
1193429145;624;234
275605220;547;468
3457689647;632;210
3075182578;595;525
3075182571;566;504
3075182576;538;483
3075182577;544;495
3075182574;482;471
3075182575;542;498
3184433329;326;6
899225065;502;104
3184433327;331;12
3083547593;650;169
1260180455;340;71
2370607058;274;301
1061623519;242;82
3425413098;523;309
3425413095;514;324
3425413093;511;328
554829140;88;537
3083509850;460;188
269722975;411;423
1260080512;291;215
3364746610;202;77
3364746611;195;75
3364746612;219;81
1018527985;269;531
2370517747;388;76
2370517745;325;77
2370517743;417;76
2370517740;334;80
2370517741;327;78
768676851;465;153
768676853;467;147
768676855;472;134
1061625212;120;169
768676859;478;125
1061622938;197;37
2195426964;498;175
3082166470;547;372
2195426966;480;166
1059851913;58;167
1059851910;53;175
3274151304;409;508
3274151302;351;503
3274151303;407;514
3274151300;353;498
3274151301;342;481
2379760352;166;456
2379760353;164;455
2379760354;163;453
2379760355;162;452
2379760356;160;449
1925980408;131;388
3365517676;88;86
2665716443;839;178
2665716442;843;167
2665716441;843;163
275611241;626;399
275611240;613;403
3541432979;123;161
1265828230;305;146
3076865610;611;433
3361256350;206;62
3361256351;213;73
2242576007;546;422
1058892739;157;475
1061624304;8;23
1055372870;163;564
1055372655;673;173
1055372650;664;170
1055372875;162;554
3131825234;605;616
3131825235;523;609
3131825236;591;614
3131825237;608;619
3131825231;390;539
3131825232;613;619
3131825233;407;530
990016551;82;332
3131825238;590;612
3131825239;594;617
990016554;111;331
3081281697;400;546
3081281694;399;542
3081281695;474;506
3081281690;398;546
3081281691;388;569
2370517690;306;130
3081281698;386;504
3081281699;399;544
1055371834;869;190
1408445359;441;552
1408445357;441;560
1408445351;442;572
459111069;336;498
1061622487;141;64
1061622481;148;57
3079738258;664;245
275609039;539;546
275609038;536;553
3079738252;637;209
3079738253;612;239
275609037;533;561
3079738255;631;213
269722142;378;459
269722143;377;472
248137270;520;459
1059852033;27;59
1059852035;30;56
3364849386;176;107
1194549254;576;586
3398736009;490;583
3364849385;196;124
1261054749;420;137
1261054747;420;108
3370689578;426;269
3076893490;748;512
256098692;240;377
256098691;241;301
2371446926;697;397
256098698;241;326
2370517688;301;130
2370636502;209;480
2370636505;213;475
278005018;537;350
278005017;541;405
35889595;556;118
2607282542;172;492
2665716613;840;176
269722703;507;458
1058892690;158;509
2379695100;665;332
3044788779;846;162
1058893612;112;390
1938966761;223;256
3079803572;657;586
1058894347;90;619
1058894349;90;617
3461609143;508;345
2379715142;526;413
1645185428;688;432
275600356;471;477
3152996603;238;125
830672295;778;525
830672293;778;532
830672291;777;536
269723150;177;437
269723155;243;447
269723156;237;421
2361233259;503;600
1058894129;113;563
1055371998;499;598
2825649986;655;232
1055371990;546;617
1055371992;538;614
1055371994;528;611
1055371995;510;602
1055371914;805;523
1059852486;93;195
1260180477;313;124
1260180471;317;80
1261054544;427;156
3274171296;408;455
3274171294;380;474
3274171295;405;455
2379738123;448;171
990017286;123;368
1261054686;414;150
1261054688;434;141
990017289;123;350
1059851683;3;193
256098194;157;268
1059851689;17;176
3457463748;642;153
3892502659;289;299
2379746963;377;64
2379746960;324;146
3085937876;414;141
3085937877;429;129
3085937874;356;92
3085937875;426;94
3085937873;416;143
3085937871;355;116
459507113;242;503
459507112;252;504
459507111;290;506
459507115;222;492
459507114;232;499
459507119;222;530
2370517760;378;60
2370517762;363;60
2370517764;352;54
2370517768;364;54
2370669739;189;574
31678611;665;453
31678612;653;443
31678615;691;476
256098735;168;319
1061625093;134;48
3365522215;129;165
1061625097;103;74
3365522217;131;161
3365522216;119;157
1277519242;444;277
990015289;111;349
2201796692;390;64
2668213706;592;134
2242576023;561;416
2370625718;300;379
3400140753;336;150
3400140755;334;145
1061624325;67;23
1059853504;110;300
1061624328;63;8
2370625715;191;437
2370625714;288;445
2370625717;297;404
1058892752;87;486
1055372675;753;174
2942781963;487;205
1645728203;339;29
1645728201;353;39
1645728206;560;312
2370650487;162;560
3279339614;673;585
3178899570;364;590
1248902348;747;505
3082408167;485;320
248137259;451;455
248137251;348;424
248137250;334;415
3086092980;325;1
2386222835;7;276
3086092986;298;129
2379755808;458;216
2379755800;480;219
2379755801;458;237
2379755804;458;228
1194549274;578;552
1194549276;578;561
2370435019;319;449
2370435014;322;453
2370435017;337;451
1057437578;4;365
1261054764;413;113
1261054766;437;125
3082586198;432;335
1061753908;216;24
2379850472;36;313
3044788469;536;617
2379769355;168;306
276949346;635;425
1059527053;585;123
1059527056;579;123
276949340;691;425
3086114314;318;147
3086114310;331;134
1018528053;215;509
3081558869;314;404
1059851898;6;256
3373090444;615;558
1058892948;12;520
278366697;200;376
278366695;190;401
2379709160;774;517
1058892946;2;521
1058892947;9;520
2379715162;435;388
2379715161;444;389
1055372999;158;578
2371804514;118;242
2701286443;37;362
3188246813;357;589
3188246815;273;561
1265828552;418;180
1061623165;161;37
1061623161;170;38
662928829;653;445
1058894328;103;590
1058894329;88;586
1058894326;108;591
1262194299;343;208
1055371976;633;612
2370443481;347;344
1055371979;617;612
1059528022;456;90
1594640467;71;295
1594640465;30;258
1061623555;224;59
3081281692;422;540
2665717378;845;169
2665717379;841;180
269722260;302;507
3075153099;527;494
1059852207;80;210
3370689579;610;278
1059526462;291;17
3085937850;396;128
3085937852;428;100
3085937854;362;146
3085937855;365;96
3085937857;424;106
3085937858;422;110
2370523675;360;34
2370523674;358;39
2370523677;365;27
269716594;619;354
269716595;618;338
2370607135;211;241
2271541808;66;370
1018528190;240;517
1061625527;177;154
1061622935;200;16
31678636;620;269
31678637;615;254
31678632;590;398
31678633;591;315
31678630;603;355
31678631;595;379
1277519260;443;273
3273273536;208;516
3541432981;130;151
3541432980;127;156
1061622485;147;59
3083418540;546;247
3184422060;343;4
3083418538;572;335
2379693987;629;254
2668213728;585;142
1260180256;283;119
3081510982;448;413
2385231171;41;282
1652842380;428;310
2370366652;528;586
2370366657;443;577
1059526730;478;101
1059526734;480;102
3370501200;472;101
2369558259;400;338
2380746558;88;453
2371666261;36;582
2371666260;82;584
2371666265;7;562
1941154345;646;587
2942716831;170;272
275605079;560;484
2706523260;665;332
2370332227;681;271
2426682427;692;423
2379738143;455;146
2366981644;18;286
2366981641;38;281
1061625495;180;157
2942771234;513;365
3457749006;700;358
1055372046;232;555
3076893532;769;518
1194549290;578;569
2370435036;366;415
2370435034;384;421
1260180532;270;121
1762082633;760;474
248137271;504;501
1061753923;231;9
1061753925;235;10
1061753927;238;7
2370435050;331;389
3086114304;311;161
3370503417;475;107
3082188196;458;370
3044788482;528;614
1059851521;60;140
3044788486;727;609
1059851524;75;127
252233590;626;276
252233592;615;261
275605890;536;519
4286601052;160;399
3709012040;399;134
2370327526;894;265
2370327524;891;266
3081292090;418;476
3081292091;367;457
3083547580;741;173
2370327529;860;175
2370327528;866;185
1058893308;152;311
3845652983;690;247
3845652980;690;239
1059853316;33;301
1058892437;27;463
1058892431;12;459
1058892432;15;468
1058892433;26;440
990017839;83;313
2371804532;146;204
2371804537;154;192
2371804535;148;195
1185323733;559;578
1185323737;564;546
1265828531;459;197
3184459088;349;29
3184459089;346;34
1645270328;6;568
3184459083;351;26
3184459084;351;26
3184459085;348;31
3184459086;346;34
3184459087;346;34
1058894304;122;550
1058894308;139;540
1058894309;149;535
3083504830;450;112
1061624522;195;137
3083504831;470;181
2668207804;647;185
1055371955;704;614
1055371957;696;615
1055371952;714;612
3236233299;90;195
3236233298;91;195
3075153117;543;511
1059852196;97;151
1265828313;302;170
1059852449;68;187
1059852199;88;168
3044788494;484;594
3075153110;535;499
1059527933;602;127
2370377805;331;479
252235687;585;165
2775379259;529;475
2385465942;374;468
35890204;564;117
3398736008;491;580
3396032792;218;529
2775763259;538;384
2370607111;208;245
3364864057;119;168
3364864056;131;150
2370377802;341;483
2379738169;470;116
1059852220;89;215
1059852222;94;218
1059852226;90;227
2195426974;466;152
1059851750;40;143
2195426972;469;154
256098775;193;301
256098774;186;285
256098771;184;277
256098770;188;281
1469127519;549;258
3076865591;690;475
2370357930;470;372
4214834648;479;598
4214834649;485;602
3270661440;318;421
1061623379;180;62
1061623377;191;62
311371037;541;267
3424857399;714;362
3424857398;717;371
1262194428;364;320
2370366673;442;568
1059526719;483;96
2371804499;73;314
252236330;609;187
1059526576;296;5
2647416375;498;544
2647416376;509;528
269722965;454;433
1059239981;16;342
2379687560;192;149
269723209;241;458
3390981094;767;489
1058894460;156;259
1058894462;153;265
1058894465;152;297
1058894464;152;272
1058894466;152;327
3185233408;364;43
1059853103;94;283
1059853100;88;279
2370636452;293;526
248137297;282;475
248137296;255;461
2366981661;26;295
3457445321;589;117
3457445320;590;119
3457445323;587;115
3457445325;587;112
1061753961;232;33
311375299;361;92
3185233414;359;34
3185233415;357;39
3185233416;357;40
3185233417;371;34
3185233410;333;39
3185233412;365;26
3185233413;365;27
1193429310;651;474
3081524996;464;426
3185233418;365;39
3185233419;364;42
3424697030;541;507
2370435052;331;379
1061625204;114;151
1260180516;310;131
1260180513;321;87
1260180632;311;37
1016468886;263;539
1016468882;366;556
3273930164;538;554
3273930165;539;555
3273930166;548;556
4187848293;521;610
2370636515;268;468
1018528019;269;520
275610450;713;384
1018528014;232;515
2371446942;699;348
2371446943;692;306
311367407;564;165
1061625197;92;122
311367408;550;188
311367409;546;198
1059526385;183;213
3081292072;397;467
3081292070;359;507
1058892631;22;465
3081292076;355;457
3081292077;437;484
3081292075;363;457
3081292078;417;477
3081292079;457;493
2848181323;18;369
2848181322;20;361
3082166459;488;384
3082166455;516;322
3082166454;514;399
3082166457;492;375
3082166456;572;378
3082166451;464;273
3082166450;457;387
3082166453;483;378
1058892455;60;420
1058892452;67;403
1058892981;68;336
1058892451;60;403
1058892458;43;396
1260180357;326;95
3384727276;421;181
1061623296;228;50
1061623292;235;50
1061623124;193;29
1061623127;187;29
1064304358;78;352
1064304354;73;348
4078371621;748;418
3184421670;343;10
1055371939;744;596
1055371935;755;587
1055371933;763;578
1055371930;769;570
3369854512;121;285
31678563;346;376
2379760348;161;525
3184421672;350;16
3184421673;355;20
269722223;391;522
269722222;395;508
3184421674;357;21
4187848079;611;642
2370607092;226;292
2370607090;230;292
3081295793;378;448
3081295790;387;454
3086114270;206;182
3086114273;321;41
3086114274;284;199
3086114275;323;127
3086114278;281;195
3086114279;313;121
4286600975;82;350
1061625562;136;123
1141037807;540;219
2379738147;450;142
2379738148;500;141
3079788608;674;427
1059851997;49;157
3044788477;613;615
1059851999;30;186
1059851998;42;166
1454266215;757;496
3079788605;632;352
275608460;496;547
275603347;618;523
1260080702;287;214
1016468947;390;572
3079788603;638;527
3081558881;258;448
1061622861;185;10
2369558261;396;340
4187848086;702;633
3270661429;330;393
3270661428;320;392
1061623358;163;11
275596559;498;447
275596558;491;446
252236136;568;197
275596556;482;443
3081558884;157;330
1059526776;473;98
1937976835;355;426
1064304292;83;360
1059526595;208;169
1059526598;181;212
3364860684;162;181
275587114;504;518
275587111;492;504
1265829050;304;161
1058892845;17;374
316923798;20;371
3361256349;212;67
3361256348;214;69
1058893467;156;277
1058894110;144;555
1058894112;152;552
1058894445;160;456
1058894119;152;540
2370636470;211;497
2370636474;209;496
2370636478;313;488
1260180169;312;93
1260180165;322;33
311375272;360;52
311375270;379;60
278344480;560;172
2371737273;100;118
2371737271;87;137
2371737270;85;139
2371737277;154;114
2371737275;98;117
2371737274;108;117
311371085;525;216
311371080;502;208
311371082;510;187
3369823224;97;230
3273917388;419;571
3452205899;618;298
1260095487;258;173
3235202115;217;160
1061623433;251;78
1061623438;258;56
2370625708;175;456
2370590073;226;253
3044788739;772;571
262397839;164;508
262397838;164;518
3390981096;773;486
262397833;155;506
3383020544;89;267
262397837;162;521
262397836;158;522
262397835;155;520
262397834;155;517
2370625707;298;460
1262447430;315;269
1262447438;300;227
311367428;323;283
311367420;377;196
311367421;355;219
311367422;335;243
311367423;324;260
311367424;306;279
311367425;296;288
311367426;310;283
311367427;314;283
1061625174;121;139
459111242;341;440
2768450596;600;135
2370393228;424;584
2370393226;443;585
2370393225;441;587
2607278273;379;566
2984236656;324;334
3086131071;259;256
252235554;560;162
1058892618;86;452
3082166477;532;336
3082166476;491;387
3082166474;565;373
3082166473;479;372
3082166472;464;387
3082166471;468;387
3082166478;513;373
1059526905;532;112
1925980409;128;389
1925980401;121;389
1925980404;44;376
990019321;133;320
990019323;134;314
3279345564;575;238
1260180376;344;110
1646281948;666;354
768682863;553;184
3817863997;681;432
1061624445;110;68
278366671;170;456
278366676;163;421
3279422228;666;553
1058892473;26;404
3802215479;312;319
1055371911;816;513
1055371915;794;533
1055371917;786;543
2668207849;670;190
275601195;468;452
275601197;473;471
3752952970;379;382
1454266209;711;561
3079788631;655;366
1454266207;707;563
1454266202;683;578
3079788637;496;598
3185233424;369;46
1059852152;88;194
3044788503;348;587
3044788501;385;590
3044788500;439;590
1059527356;376;38
1059527354;360;15
1018527964;250;521
1059527358;386;49
1261054605;437;138
275604624;425;488
1059851716;48;185
1059851710;29;237
1059851712;55;247
1652842384;438;310
1059851718;37;176
3152996602;157;279
275608484;507;563
3390989181;711;585
1061753864;252;29
1061753867;256;25
275600904;457;479
2239750008;399;544
2942716832;180;274
3279339609;675;589
2371804440;89;441
1061622844;200;3
2380741153;59;338
1061624148;228;136
3075078780;502;566
4314620717;387;569
1762077481;562;520
1059526756;466;100
1059526759;471;100
3370717616;706;588
2379789058;139;184
2371672810;11;439
512541871;285;174
512541872;288;176
278005084;127;311
4098157264;432;132
3371904622;12;430
3081524999;443;441
3081524998;470;425
3081524997;465;423
3079738244;647;177
4318201225;227;260
2370332240;681;176
2370332246;781;168
3457432218;558;120
3076865559;609;422
3379773270;560;313
3379773271;546;319
275606142;568;523
275606140;583;530
3274903072;640;417
3274903071;646;416
1055372722;157;482
2361233260;486;584
1260180552;324;90
3044788758;888;363
3044788759;890;357
3044788756;866;429
3044788757;874;402
3044788754;852;477
3044788755;858;463
3044788752;839;496
3044788753;846;488
3044788750;798;533
3044788751;810;521
3379744870;290;123
3425182639;842;177
3379744872;294;107
269715989;629;281
3379744874;294;110
3379744876;291;120
3802210409;426;207
1059851546;151;197
1059851548;153;194
2380754561;127;574
2380754563;122;567
3370717617;709;600
3370717619;713;598
1061625158;114;126
277129898;759;435
311367448;460;273
1061625150;93;144
1061625154;103;135
248137496;89;566
3079788591;664;347
2370393247;424;533
2370393241;314;550
2370393242;431;543
3701568633;324;241
3701568637;314;241
3701568636;319;247
3701568635;308;234
3701568634;324;252
3079788594;464;592
3701568638;311;238
3273957573;523;502
1925980391;115;388
1925980394;116;384
1925980396;59;377
1925980397;54;376
2361227111;546;562
2370625716;300;434
1645211975;776;537
31678562;325;376
1937979224;324;442
1646281964;661;383
1646281963;656;366
1646281962;639;350
1260180311;352;2
269723649;554;112
1061623258;215;41
1058892677;88;525
1059853445;132;358
252235465;579;173
252235468;565;203
252235469;561;212
1058892493;68;464
1058892495;68;455
1058892498;68;441
275599016;530;479
1408445419;520;293
1408445415;506;294
1408445417;519;292
1408445413;505;296
252236331;618;183
3079788613;461;573
3076865690;645;458
3079788611;604;395
1454266225;667;421
1185323759;555;519
1454266227;649;418
2379738121;447;175
3075153103;526;516
278004989;734;520
278004988;731;530
278004987;726;541
278004986;698;513
278004983;743;538
278004982;740;542
278004981;734;552
278004980;745;529
566635086;654;542
566635082;747;575
566635083;759;567
566635080;734;578
566635081;753;572
1061622618;114;5
566635088;736;558
566635089;767;555
278344498;630;165
3370713952;697;585
275598630;443;502
1059852173;35;135
256098241;221;256
256099861;263;354
1261054664;426;139
1059852284;109;205
1261054666;418;105
539145022;558;518
539145023;546;528
1059852281;116;190
256099223;170;334
256099225;168;304
1061623885;217;94
2370578088;204;58
2370578089;231;58
256098791;181;375
256098790;181;356
2370578080;244;109
2370578081;190;84
2370578084;306;75
2370578085;315;74
256098199;200;239
1016468905;382;550
3379744869;293;115
1646281968;672;398
3398309398;231;109
1059851739;28;153
1260080628;258;257
3086092974;340;1
3086092975;332;12
3086092971;315;114
275595453;601;447
275595454;604;441
3086092979;377;43
3081584729;270;343
1298886268;61;370
1298886269;162;492
2371446936;650;428
1298886260;161;479
1936904936;325;197
1058892800;20;370
3076893517;673;460
3083509839;445;152
3083509838;445;145
1059853160;114;249
1059853164;102;268
1260180125;319;83
1260180121;333;40
3371725931;61;420
1260180128;317;103
1059239922;4;306
1055372709;161;482
3181221420;529;413
1645207027;699;411
1058894155;3;477
278366550;638;164
1058894150;34;465
278366557;675;344
1058894152;16;468
2379738168;458;120
1061623472;205;21
3044788770;864;179
3044788772;745;173
3044788773;681;172
3044788774;757;172
3044788776;853;167
3044788777;849;164
1620494640;526;147
311371041;581;333
311371040;582;347
311371043;590;346
311371042;580;313
311371045;603;325
311371047;567;337
311371049;598;333
1059852611;145;244
1059852342;61;181
1059852614;134;237
3081584723;289;295
275609656;546;433
275609127;543;530
31678613;619;496
277129911;733;488
277129913;761;451
31678616;700;496
2379723974;607;613
311367464;535;209
311367465;538;196
311367466;541;185
311367467;542;181
311367460;532;228
311367463;533;217
311367469;544;220
3081584727;244;300
3075153139;551;503
4286601056;160;389
4286601050;161;414
4286601051;161;408
4286601058;158;381
278005021;528;322
3398289562;15;7
512541790;320;183
278005027;514;377
1925980378;134;387
278005028;513;368
311372817;480;154
311372816;490;166
311372815;500;176
311372819;472;144
311372818;476;148
1061624262;132;50
3379760645;503;160
3379760647;506;164
3379760646;499;153
3379760643;501;150
3379760649;509;169
3379760648;508;172
1061623276;192;62
1061623273;198;61
3044788761;896;279
3365522214;122;150
3079803574;767;516
1646281960;677;366
1058893520;307;375
1058893291;140;376
3079803575;658;595
1055372133;591;609
1061623189;185;11
1061623186;195;14
1061623182;206;17
3079803570;664;593
3079803571;663;600
1064304335;66;343
3132001507;85;363
3132001506;80;370
3132001505;87;369
3132001509;77;367
3132001508;77;364
2701252300;316;574
2701252305;647;162
2701252307;648;157
3370712783;744;565
1185323513;583;517
3075182590;545;487
3075182591;522;480
3075182592;471;475
3075182593;589;521
3075182594;484;479
3075182595;542;475
278366498;662;217
1408445430;507;291
278366491;677;294
278366493;668;286
278366494;654;275
278366496;670;254
3178888412;235;561
1408445416;507;293
2943906058;364;107
2943906059;397;138
3086129820;272;268
3086129825;288;277
3086129827;190;209
3361058615;194;99
1936903879;365;209
1261054644;424;127
1261054643;433;96
1260180695;345;47
1261054648;409;111
2371706526;43;76
3079788614;612;386
3361090517;187;11
3235202101;179;209
1061753823;221;20
1454266229;648;415
2379770188;215;341
1057437381;49;369
1057437384;35;366
2371804419;157;537
1057437389;10;358
2370458909;336;283
2025038036;718;213
3444688264;436;83
3444688260;416;72
3235202100;175;209
2605669478;432;337
1059852804;111;264
1059852807;105;262
3235202102;177;208
3083371787;554;263
3083371783;547;240
3235202104;182;202
3083371789;474;225
1250432579;775;560
3235202106;196;187
3235202107;193;184
3152925589;697;346
2271541809;580;123
3086092953;333;97
2371712092;16;35
2371712093;34;28
3374753625;538;600
3364744616;211;59
3364744617;215;52
3379747274;275;98
3184422261;349;8
2361227097;545;576
1402146386;531;248
2361227093;558;582
1402146388;536;248
2361227099;539;593
1060106998;13;37
1061622614;106;14
1060106994;20;47
1058892357;6;378
1055372891;157;388
30215298;284;372
275606363;568;568
2371804411;157;558
2371804412;88;555
30215292;284;307
30215293;284;316
30215295;284;342
30215296;284;352
30215297;284;365
1185323658;582;587
1185323656;585;569
3083371801;476;204
3077126991;385;48
3083371800;496;207
1649668071;669;580
3390967829;769;483
3083371806;470;209
1762097205;637;210
278366577;359;401
278366576;356;399
278366574;355;396
278366573;357;382
278366570;674;421
1061623454;241;39
311371066;524;193
311371064;518;217
311371063;514;226
311371062;513;231
311371061;514;236
311371060;520;252
3086151880;169;375
1061624774;69;22
1059852327;15;263
3817864012;716;210
2370625712;172;450
1199878261;676;441
248137308;453;532
3082586147;433;346
248137301;364;511
248137300;353;504
248137302;369;514
248137305;441;539
248137304;408;528
248137307;450;534
248137306;444;538
1260080459;265;244
3461675857;509;330
1018528094;252;522
269716140;623;399
1018528098;290;524
1061625442;151;72
1061625447;81;131
1061625446;146;78
2367475957;72;353
1059852632;133;222
1061623404;120;13
3273276370;285;522
1059851859;39;220
4286601036;160;397
1059851855;60;227
1620494638;507;130
3044788748;250;562
275608501;495;582
275608502;497;569
275608503;497;564
275608505;493;555
3044788745;204;565
990018870;129;359
3194323009;674;424
3289759135;490;409
3194323006;673;421
3194323005;671;421
3044788740;286;570
3174853974;606;421
3278000386;343;283
2370472381;429;182
2370472382;418;181
3398304657;222;84
3278000384;343;263
1061624248;162;95
1061623218;188;62
1061623214;188;57
1061623210;188;51
2474131667;573;116
1059853402;128;296
1938022316;266;487
3701762337;993;506
3701762333;956;521
3701762330;924;537
3701762331;946;524
3701762338;992;503
1059852359;81;221
1016468796;266;530
1185323535;592;503
2371804501;70;292
1059852356;79;250
3085937883;354;97
2371804505;84;275
3085937880;444;90
3085937884;390;146
1058893503;154;374
3085937889;383;137
275598187;505;490
566635047;630;549
3379770858;524;281
990019521;126;317
990019526;126;324
3081558910;200;316
990019524;111;323
990019525;120;324
3081558911;222;260
4504272168;719;551
3081558914;234;349
3076823507;622;515
2379770189;240;349
1936894885;308;232
1936894882;314;233
1505404235;413;583
3379760644;500;149
2379726559;435;586
1024722401;344;474
1024722407;311;464
269721551;547;415
1260180674;287;87
3461609144;508;345
3086093001;350;26
3086093000;380;46
3086093002;329;104
1059852797;132;271
3457463777;608;128
3361188703;250;6
1059852861;129;294
1250432552;777;522
1250432557;776;538
1250432554;765;515
2385237095;527;249
3425413100;525;304
3817961616;695;416
4154906730;579;132
1058892598;61;441
1058892595;87;441
1058892593;154;438
2195426970;472;157
506381568;603;582
1055371194;654;166
1055371195;655;161
1058892372;2;402
1058892371;11;398
1059853211;45;314
1058892375;6;414
1058892374;2;405
3384755282;11;451
3361188704;248;12
3802209842;428;262
1058892524;57;419
3802209843;428;234
1057437632;137;385
3083509875;570;177
3083509874;500;119
3083509877;466;104
3083509876;593;243
3083509871;451;173
3083509873;521;157
3083509879;541;208
3083509878;478;145
1938009729;181;471
1938009728;174;473
3457689639;635;215
1938009727;186;470
3085935431;364;98
3085935432;416;136
1055372020;351;585
1055372210;414;590
768679873;457;106
768679872;463;111
768679870;471;117
278366515;690;247
3075153143;554;542
3075153142;551;521
278366511;677;218
278366513;690;237
278366512;683;236
3075153148;515;504
3379744868;292;117
1024722363;344;513
2369558280;352;377
1024722365;347;502
3156355243;683;432
3083509856;479;179
1645211962;767;555
277129957;505;378
3083418539;558;300
459111250;303;425
2370636522;241;469
248137323;591;602
248137322;595;579
248137320;563;568
1260080472;279;91
349271207;669;554
349271205;652;552
349271204;637;560
349271203;620;568
1059852304;90;145
269715292;582;159
269715290;579;153
269715291;580;156
1059851870;8;196
4286601013;141;392
4286601014;145;391
4286601015;147;390
4286601016;148;389
1059851654;7;167
4286601019;149;380
1059527127;580;112
1059527121;589;113
3079788587;633;525
4164077291;355;120
3079788582;623;525
2370517791;346;34
2370517793;376;31
2706591025;629;398
275611387;621;374
3081558883;285;438
3081558888;225;252
3081558889;189;312
2768450516;623;316
2768450519;620;312
1937986197;345;472
3365518075;64;106
3076893514;688;473
1061622543;62;5
1061622546;52;10
3085937895;397;77
4286601017;149;387
2379738131;447;166
1059853028;96;254
2379738132;447;164
2379738135;444;155
1059853023;106;260
3083509884;450;178
1016468672;373;561
3083509885;448;145
2379738136;479;153
2195426954;460;183
2195426957;461;178
2195426959;490;176
2195426958;494;180
311375830;271;123
1055372680;765;172
1762092190;705;400
1055372684;774;170
1055372687;792;165
1024722428;291;456
2370367448;484;593
1937965495;331;413
1061623824;176;108
1055371885;854;469
1059527466;527;118
3083509835;450;188
1408445385;476;404
1055371889;849;478
3083509834;576;180
1059851466;158;188
1059852843;142;305
1059852847;141;303
1277519235;518;240
3379760650;501;158
1936542555;633;328
3086092994;374;39
3086092990;382;49
3086092991;348;24
3086114308;204;186
3086114303;193;227
3086114306;284;201
3086114307;244;163
1061625326;129;177
256097733;249;273
1058892571;117;421
1058892573;117;441
1058892575;117;460
1058892578;117;479
413329098;272;505
413329096;204;472
413329097;214;464
413329094;184;503
413329095;188;493
2837962552;376;517
413329091;193;485
2371697942;48;223
2379851092;6;291
2379851093;13;289
2379851090;21;304
1257870493;544;139
2380735232;3;334
3081572461;355;463
1059853232;62;222
2666795801;578;557
1059853238;61;210
2371804457;89;389
1058894072;31;584
3457749007;699;358
251298881;448;399
3075078769;542;601
1055372052;173;573
3044788778;788;164
269723035;241;381
2371666284;52;464
1059239945;14;307
1059239947;17;307
1059239948;20;305
2371666288;52;462
4363666178;464;92
3081572465;345;473
3361237384;221;55
3361237385;219;54
3361237383;226;56
3083509859;447;159
3083509858;475;140
3083509857;561;171
3083509855;553;201
3083509854;479;143
3083509852;460;182
3083509851;517;216
2370517778;364;42
311371023;607;345
311371022;566;348
311371021;549;349
311371020;572;313
2316765894;678;610
275604237;423;492
277129977;507;374
277129975;503;388
2370636509;206;470
31678600;580;123
1055371845;882;218
3044788466;558;620
2371737278;122;105
1298886271;160;421
3273957572;530;505
860274306;419;574
990017342;111;339
1059852678;131;238
275612068;609;404
3132001510;79;362
256097855;170;208
256097854;186;221
4164070093;441;120
1059851638;13;71
3370511416;502;124
1059240010;37;305
1260095496;273;183
1260095491;290;176
1061624202;213;139
1061624751;86;8
2768450536;617;304
2768450530;629;306
1059536650;191;225
3075153094;535;502
269722982;404;412
1059526439;274;53
269722986;363;429
1018528148;209;511
3079803567;689;591
3079803566;650;597
3541432982;135;144
3083509833;473;172
3075153098;519;512
2942771238;132;220
2942771231;263;306
2942771230;243;333
2942771232;436;360
3083509836;464;137
940863435;349;543
1408445421;510;291
3086131040;315;242
3086131046;216;245
3086131044;307;226
1058893239;148;393
311375318;353;50
252235688;591;159
252235689;595;158
1267012207;314;140
256097736;302;308
2195426979;271;132
256097737;315;323
275600227;499;484
311375310;351;79
275600229;493;457
275600228;496;472
3152996604;288;24
269722132;414;446
1061623613;201;87
269723200;258;444
269723201;247;488
269723203;218;455
3081510981;420;392
3081510980;385;421
3081510983;409;413
269723208;239;477
1024722447;322;467
1024722444;322;466
1024722442;324;456
275608930;487;554
1024722440;303;466
1024722441;276;448
1260180638;314;67
1262194384;353;297
1262194381;356;303
1061623779;190;73
4214834651;494;604
4214834650;492;604
1277519272;426;220
1059852531;92;193
35890193;563;115
35890198;552;118
3235202114;213;161
3235202113;215;161
3235202112;210;164
3235202111;202;170
3188213820;548;106
3083371818;574;348
3083371819;558;292
3083371812;539;251
3083371813;479;210
3083371810;547;312
3083371811;560;307
3083371816;549;248
3083371817;471;218
3083371814;526;233
3379744871;293;104
1061625340;190;81
1058894080;11;571
3081558930;222;292
3085947145;360;73
3085947144;376;48
3085947147;362;58
3085947146;334;55
3085947141;266;73
3085947140;331;58
3085947143;369;67
3085947142;276;75
3085947149;340;51
1055371829;863;181
1469119906;643;160
1936670757;572;237
1936670759;587;252
1061624568;88;5
1058892558;54;406
1061624564;124;56
1058892555;54;419
1058893681;127;375
1055372035;254;557
1325246170;758;490
269723058;239;403
269723055;249;404
269723057;228;404
3370550735;472;292
3079788598;480;525
3079788590;603;386
1058892884;23;530
1058892886;29;531
1058892881;20;529
3079788595;610;354
3079788596;452;572
1059853251;13;172
3370550734;463;296
1058893065;57;334
3083371831;552;266
1058894154;9;472
3086151872;150;382
3075153109;524;518
3075153108;550;517
3456976802;697;591
3075153104;545;522
3075153106;581;532
1059852958;82;305
1645185386;612;506
3188246814;374;591
1061622737;39;23
1061622733;47;20
2380735229;1;340
3364734885;268;6
2379769349;174;399
278366696;197;381
2379709167;778;509
2768450541;630;302
2379738154;445;133
2379709165;781;510
256097729;392;341
256097728;352;344
3379769993;525;238
3044788771;690;174
3044788775;767;170
1059240036;35;320
1059240030;32;339
1059851601;62;144
3131825248;625;615
3282349643;573;417
3282349642;586;418
3282349641;596;420
1059851614;22;84
1059851616;8;97
3278000385;353;263
1061624482;160;131
1059526417;262;77
3085937882;396;73
3085937881;355;89
3085937885;373;75
3383013965;76;233
1018528162;189;505
3086129832;280;252
3086129830;286;241
506381565;364;569
1059851969;13;131
1059852617;133;233
506381561;385;536
1059851963;53;96
506381569;644;575
1059851965;25;120
1534033177;485;588
3289795065;131;121
3289795064;155;139
3289795061;189;163
3289795063;166;147
3289795062;180;158
3086131069;267;264
3086131065;272;268
2195416760;499;220
3086131062;357;208
3424654988;633;499
3424654987;628;507
275611851;630;425
275611853;625;404
1059853062;61;255
3081558902;281;462
3398293421;97;152
256099718;263;333
3086114293;211;174
3086114291;314;61
1061623637;215;92
1941134658;372;72
1061623631;211;90
1058894079;29;421
1058894076;26;580
1058894077;17;577
1058894075;29;582
1061623755;155;86
1055371843;879;209
1055371840;874;198
1055371847;884;227
1055371849;889;253
1058894292;111;575
1058894291;110;591
1058894297;118;552
1058894294;116;554
1059852738;67;213
277139018;502;398
1024722468;324;457
1024722460;279;473
1024722463;302;469
1024722464;317;477
1024722465;301;472
1024722467;206;526
1059852887;125;234
1059852551;108;161
2370517725;405;83
952160704;243;285
3083371830;555;259
3083371832;576;334
3817961600;679;433
1061625362;203;38
1058894325;134;581
1061625367;204;29
2371666253;88;606
3081558901;224;309
3081558900;176;275
3081558903;160;261
3081558905;333;426
3081558904;200;356
3081558907;222;266
3081558906;158;275
3081558909;231;340
3081558908;294;441
4286601054;160;387
2519860283;455;400
1061624542;170;117
1058892538;41;419
1058892535;41;441
1061624548;154;101
1058892533;42;461
EDGES
